1,0
2,0
3,255
4,79
5,255
6,79
7,218
8,82
9,218
10,82
11,65
12,85
13,65
14,85
15,204
16,82
17,204
18,82
19,167
20,72
21,167
22,72
23,14
24,52
25,14
26,52
27,45
28,192
29,45
30,192
31,4
32,178
33,4
34,178
35,232
36,170
37,232
38,170
39,152
40,167
41,152
42,167
43,46
44,166
45,46
46,166
47,130
48,166
49,130
50,166
51,37
52,169
53,37
54,169
55,178
56,174
57,178
58,174
59,81
60,183
61,81
62,183
63,148
64,207
65,148
66,207
67,131
68,67
69,131
70,67
71,11
72,79
73,11
74,79
75,96
76,85
77,96
78,85
79,182
80,88
81,182
82,88
83,233
84,89
85,233
86,89
87,34
88,89
89,34
90,89
91,45
92,86
93,45
94,86
95,184
96,80
97,184
98,80
99,196
100,70
101,196
102,70
103,42
104,36
105,42
106,36
107,144
108,186
109,144
110,186
111,234
112,175
113,234
114,175
115,23
116,170
117,23
118,170
119,37
120,167
121,37
122,167
123,35
124,166
125,35
126,166
127,175
128,167
129,175
130,167
131,116
132,170
133,116
134,170
135,198
136,175
137,198
138,175
139,143
140,186
141,143
142,186
143,93
144,37
145,93
146,37
147,110
148,70
149,110
150,70
151,130
152,80
153,130
154,80
155,43
156,86
157,43
158,86
159,234
160,88
161,234
162,88
163,190
164,89
165,190
166,89
167,158
168,88
169,158
170,88
171,95
172,85
173,95
174,85
175,84
176,79
177,84
178,79
179,41
180,68
181,41
182,68
183,72
184,45
185,72
186,45
187,119
188,73
189,119
190,73
191,77
192,64
193,77
194,64
195,58
196,199
197,58
198,199
199,17
200,184
201,17
202,184
203,123
204,173
205,123
206,173
207,86
208,167
209,86
210,167
211,218
212,164
213,218
214,164
215,238
216,163
217,238
218,163
219,169
220,164
221,169
222,164
223,231
224,167
225,231
226,167
227,234
228,173
229,234
230,173
231,100
232,182
233,100
234,182
235,61
236,214
237,61
238,214
239,123
240,71
241,123
242,71
243,160
244,81
245,160
246,81
247,53
248,87
249,53
250,87
251,171
252,90
253,171
254,90
255,223
256,91
257,223
258,91
259,223
260,90
261,223
262,90
263,2
264,88
265,2
266,88
267,202
268,82
269,202
270,82
271,44
272,73
273,44
274,73
275,115
276,43
277,115
278,43
279,64
280,187
281,64
282,187
283,108
284,175
285,108
286,175
287,123
288,169
289,123
290,169
291,253
292,165
293,253
294,165
295,159
296,164
297,159
298,164
299,108
300,165
301,108
302,165
303,193
304,167
305,193
306,167
307,228
308,172
309,228
310,172
311,0
312,183
313,0
314,183
315,202
316,202
317,202
318,202
319,107
320,66
321,107
322,66
323,108
324,79
325,108
326,79
327,218
328,85
329,218
330,85
331,52
332,89
333,52
334,89
335,231
336,90
337,231
338,90
339,105
340,90
341,105
342,90
343,36
344,88
345,36
346,88
347,98
348,83
349,98
350,83
351,75
352,75
353,75
354,75
355,55
356,57
357,55
358,57
359,195
360,192
361,195
362,192
363,119
364,178
365,119
366,178
367,57
368,171
369,57
370,171
371,222
372,167
373,222
374,167
375,117
376,165
377,117
378,165
379,147
380,165
381,147
382,165
383,5
384,168
385,5
386,168
387,78
388,172
389,78
390,172
391,6
392,179
393,6
394,179
395,165
396,193
397,165
398,193
399,191
400,59
401,191
402,59
403,58
404,75
405,58
406,75
407,49
408,83
409,49
410,83
411,83
412,87
413,83
414,87
415,178
416,89
417,178
418,89
419,82
420,89
421,82
422,89
423,249
424,87
425,249
426,87
427,176
428,84
429,176
430,84
431,238
432,77
433,238
434,77
435,145
436,65
437,145
438,65
439,109
440,205
441,109
442,205
443,63
444,184
445,63
446,184
447,123
448,175
449,123
450,175
451,104
452,170
453,104
454,170
455,134
456,167
457,134
458,167
459,116
460,166
461,116
462,166
463,204
464,167
465,204
466,167
467,244
468,170
469,244
470,170
471,130
472,176
473,130
474,176
475,83
476,186
477,83
478,186
479,182
480,223
481,182
482,223
483,86
484,65
485,86
486,65
487,4
488,78
489,4
490,78
491,210
492,84
493,210
494,84
495,218
496,87
497,218
498,87
499,225
500,88
501,225
502,88
503,18
504,88
505,18
506,88
507,241
508,85
509,241
510,85
511,61
512,81
513,61
514,81
515,13
516,73
517,13
518,73
519,158
520,56
521,158
522,56
523,209
524,193
525,209
526,193
527,30
528,180
529,30
530,180
531,98
532,173
533,98
534,173
535,199
536,169
537,199
538,169
539,180
540,167
541,180
542,167
543,143
544,167
545,143
546,167
547,153
548,169
549,153
550,169
551,152
552,173
553,152
554,173
555,87
556,180
557,87
558,180
559,173
560,190
561,173
562,190
563,144
564,53
565,144
566,53
567,145
568,71
569,145
570,71
571,142
572,80
573,142
574,80
575,243
576,84
577,243
578,84
579,67
580,87
581,67
582,87
583,246
584,87
585,246
586,87
587,213
588,86
589,213
590,86
591,232
592,83
593,232
594,83
595,110
596,78
597,110
598,78
599,88
600,68
601,88
602,68
603,60
604,31
605,60
606,31
607,190
608,189
609,190
610,189
611,176
612,178
613,176
614,178
615,20
616,173
617,20
618,173
619,197
620,169
621,197
622,169
623,120
624,168
625,120
626,168
627,39
628,169
629,39
630,169
631,71
632,171
633,71
634,171
635,34
636,175
637,34
638,175
639,208
640,183
641,208
642,183
643,137
644,198
645,137
646,198
647,179
648,58
649,179
650,58
651,227
652,73
653,227
654,73
655,242
656,80
657,242
658,80
659,118
660,84
661,118
662,84
663,171
664,86
665,171
666,86
667,209
668,86
669,209
670,86
671,144
672,85
673,144
674,85
675,68
676,81
677,68
678,81
679,28
680,76
681,28
682,76
683,119
684,64
685,119
686,64
687,129
688,212
689,129
690,212
691,111
692,188
693,111
694,188
695,233
696,178
697,233
698,178
699,189
700,173
701,189
702,173
703,188
704,170
705,188
706,170
707,183
708,169
709,183
710,169
711,122
712,170
713,122
714,170
715,87
716,173
717,87
718,173
719,114
720,177
721,114
722,177
723,6
724,185
725,6
726,185
727,208
728,202
729,208
730,202
731,191
732,59
733,191
734,59
735,30
736,73
737,30
738,73
739,126
740,79
741,126
742,79
743,135
744,83
745,135
746,83
747,126
748,85
749,126
750,85
751,100
752,85
753,100
754,85
755,232
756,82
757,232
758,82
759,218
760,79
761,218
762,79
763,169
764,74
765,169
766,74
767,46
768,64
769,46
770,64
771,78
772,214
773,78
774,214
775,200
776,188
777,200
778,188
779,107
780,180
781,107
782,180
783,41
784,175
785,41
786,175
787,46
788,172
789,46
790,172
791,131
792,171
793,131
794,171
795,9
796,172
797,9
798,172
799,53
800,174
801,53
802,174
803,175
804,178
805,175
806,178
807,237
808,185
809,237
810,185
811,112
812,201
813,112
814,201
815,189
816,57
817,189
818,57
819,167
820,71
821,167
822,71
823,250
824,77
825,250
826,77
827,249
828,81
829,249
830,81
831,46
832,83
833,46
834,83
835,226
836,83
837,226
838,83
839,158
840,82
841,158
842,82
843,38
844,79
845,38
846,79
847,155
848,73
849,155
850,73
851,79
852,64
853,79
854,64
855,232
856,26
857,232
858,26
859,136
860,191
861,136
862,191
863,85
864,182
865,85
866,182
867,233
868,176
869,233
870,176
871,82
872,174
873,82
874,174
875,55
876,173
877,55
878,173
879,26
880,173
881,26
882,173
883,30
884,175
885,30
886,175
887,22
888,179
889,22
890,179
891,6
892,186
893,6
894,186
895,17
896,199
897,17
898,199
899,75
900,52
901,75
902,52
903,0
904,68
905,0
906,68
907,178
908,75
909,178
910,75
911,189
912,79
913,189
914,79
915,138
916,81
917,138
918,81
919,77
920,82
921,77
922,82
923,39
924,81
925,39
926,81
927,181
928,78
929,181
930,78
931,199
932,73
933,199
934,73
935,147
936,65
937,147
938,65
939,66
940,46
941,66
942,46
943,31
944,197
945,31
946,197
947,128
948,185
949,128
950,185
951,243
952,179
953,243
954,179
955,68
956,176
957,68
958,176
959,143
960,174
961,143
962,174
963,132
964,174
965,132
966,174
967,54
968,176
969,54
970,176
971,56
972,179
973,56
974,179
975,45
976,185
977,45
978,185
979,29
980,195
981,29
982,195
983,59
984,38
985,59
986,38
987,144
988,63
989,144
990,63
991,204
992,72
993,204
994,72
995,110
996,76
997,110
998,76
999,80
1000,79
1001,80
1002,79
1003,179
1004,80
1005,179
1006,80
1007,12
1008,80
1009,12
1010,80
1011,49
1012,78
1013,49
1014,78
1015,7
1016,74
1017,7
1018,74
1019,95
1020,67
1021,95
1022,67
1023,234
1024,54
1025,234
1026,54
1027,120
1028,206
1029,120
1030,206
1031,5
1032,190
1033,5
1034,190
1035,118
1036,183
1037,118
1038,183
1039,212
1040,178
1041,212
1042,178
1043,149
1044,176
1045,149
1046,176
1047,142
1048,176
1049,142
1050,176
1051,45
1052,177
1053,45
1054,177
1055,63
1056,179
1057,63
1058,179
1059,234
1060,183
1061,234
1062,183
1063,140
1064,191
1065,140
1066,191
1067,210
1068,207
1069,210
1070,207
1071,10
1072,56
1073,10
1074,56
1075,115
1076,68
1077,115
1078,68
1079,118
1080,73
1081,118
1082,73
1083,177
1084,76
1085,177
1086,76
1087,242
1088,77
1089,242
1090,77
1091,139
1092,78
1093,139
1094,78
1095,160
1096,77
1097,160
1098,77
1099,130
1100,74
1101,130
1102,74
1103,77
1104,69
1105,77
1106,69
1107,194
1108,60
1109,194
1110,60
1111,63
1112,38
1113,63
1114,38
1115,132
1116,196
1117,132
1118,196
1119,231
1120,187
1121,231
1122,187
1123,73
1124,183
1125,73
1126,183
1127,222
1128,179
1129,222
1130,179
1131,113
1132,178
1133,113
1134,178
1135,17
1136,178
1137,17
1138,178
1139,228
1140,179
1141,228
1142,179
1143,17
1144,183
1145,17
1146,183
1147,229
1148,188
1149,229
1150,188
1151,98
1152,198
1153,98
1154,198
1155,196
1156,34
1157,196
1158,34
1159,212
1160,61
1161,212
1162,61
1163,83
1164,69
1165,83
1166,69
1167,49
1168,73
1169,49
1170,73
1171,21
1172,75
1173,21
1174,75
1175,145
1176,76
1177,145
1178,76
1179,25
1180,76
1181,25
1182,76
1183,133
1184,74
1185,133
1186,74
1187,6
1188,71
1189,6
1190,71
1191,121
1192,64
1193,121
1194,64
1195,34
1196,54
1197,34
1198,54
1199,158
1200,211
1201,158
1202,211
1203,177
1204,194
1205,177
1206,194
1207,24
1208,187
1209,24
1210,187
1211,39
1212,184
1213,39
1214,184
1215,146
1216,181
1217,146
1218,181
1219,42
1220,180
1221,42
1222,180
1223,191
1224,180
1225,191
1226,180
1227,128
1228,182
1229,128
1230,182
1231,187
1232,186
1233,187
1234,186
1235,116
1236,193
1237,116
1238,193
1239,19
1240,205
1241,19
1242,205
1243,197
1244,49
1245,197
1246,49
1247,105
1248,61
1249,105
1250,61
1251,254
1252,67
1253,254
1254,67
1255,253
1256,71
1257,253
1258,71
1259,0
1260,74
1261,0
1262,74
1263,254
1264,73
1265,254
1266,73
1267,160
1268,73
1269,160
1270,73
1271,220
1272,71
1273,220
1274,71
1275,154
1276,67
1277,154
1278,67
1279,146
1280,60
1281,146
1282,60
1283,43
1284,48
1285,43
1286,48
1287,217
1288,205
1289,217
1290,205
1291,12
1292,194
1293,12
1294,194
1295,167
1296,188
1297,167
1298,188
1299,108
1300,185
1301,108
1302,185
1303,75
1304,183
1305,75
1306,183
1307,146
1308,182
1309,146
1310,182
1311,81
1312,183
1313,81
1314,183
1315,223
1316,185
1317,223
1318,185
1319,174
1320,189
1321,174
1322,189
1323,240
1324,196
1325,240
1326,196
1327,194
1328,209
1329,194
1330,209
1331,162
1332,52
1333,162
1334,52
1335,159
1336,60
1337,159
1338,60
1339,225
1340,66
1341,225
1342,66
1343,197
1344,69
1345,197
1346,69
1347,85
1348,71
1349,85
1350,71
1351,198
1352,71
1353,198
1354,71
1355,157
1356,70
1357,157
1358,70
1359,212
1360,68
1361,212
1362,68
1363,217
1364,64
1365,217
1366,64
1367,42
1368,57
1369,42
1370,57
1371,230
1372,43
1373,230
1374,43
1375,229
1376,206
1377,229
1378,206
1379,169
1380,195
1381,169
1382,195
1383,254
1384,189
1385,254
1386,189
1387,157
1388,187
1389,157
1390,187
1391,236
1392,185
1393,236
1394,185
1395,194
1396,185
1397,194
1398,185
1399,58
1400,186
1401,58
1402,186
1403,50
1404,188
1405,50
1406,188
1407,175
1408,192
1409,175
1410,192
1411,193
1412,199
1413,193
1414,199
1415,40
1416,212
1417,40
1418,212
1419,197
1420,48
1421,197
1422,48
1423,75
1424,61
1425,75
1426,61
1427,137
1428,64
1429,137
1430,64
1431,246
1432,66
1433,246
1434,66
1435,172
1436,68
1437,172
1438,68
1439,178
1440,68
1441,178
1442,68
1443,135
1444,68
1445,135
1446,68
1447,200
1448,65
1449,200
1450,65
1451,206
1452,61
1453,206
1454,61
1455,207
1456,54
1457,207
1458,54
1459,124
1460,43
1461,124
1462,43
1463,8
1464,209
1465,8
1466,209
1467,137
1468,198
1469,137
1470,198
1471,108
1472,193
1473,108
1474,193
1475,70
1476,190
1477,70
1478,190
1479,98
1480,189
1481,98
1482,189
1483,198
1484,188
1485,198
1486,188
1487,52
1488,190
1489,52
1490,190
1491,106
1492,190
1493,106
1494,190
1495,113
1496,195
1497,113
1498,195
1499,84
1500,202
1501,84
1502,202
1503,178
1504,210
1505,178
1506,210
1507,136
1508,42
1509,136
1510,42
1511,227
1512,55
1513,227
1514,55
1515,204
1516,62
1517,204
1518,62
1519,185
1520,63
1521,185
1522,63
1523,205
1524,64
1525,205
1526,64
1527,136
1528,65
1529,136
1530,65
1531,141
1532,64
1533,141
1534,64
1535,251
1536,62
1537,251
1538,62
1539,169
1540,58
1541,169
1542,58
1543,182
1544,54
1545,182
1546,54
1547,216
1548,46
1549,216
1550,46
1551,207
1552,215
1553,207
1554,215
1555,13
1556,202
1557,13
1558,202
1559,178
1560,197
1561,178
1562,197
1563,139
1564,194
1565,139
1566,194
1567,180
1568,192
1569,180
1570,192
1571,251
1572,192
1573,251
1574,192
1575,40
1576,193
1577,40
1578,193
1579,140
1580,195
1581,140
1582,195
1583,123
1584,198
1585,123
1586,198
1587,55
1588,204
1589,55
1590,204
1591,21
1592,212
1593,21
1594,212
1595,122
1596,37
1597,122
1598,37
1599,221
1600,50
1601,221
1602,50
1603,103
1604,55
1605,103
1606,55
1607,242
1608,58
1609,242
1610,58
1611,86
1612,59
1613,86
1614,59
1615,42
1616,60
1617,42
1618,60
1619,0
1620,60
1621,0
1622,60
1623,139
1624,57
1625,139
1626,57
1627,33
1628,55
1629,33
1630,55
1631,151
1632,49
1633,151
1634,49
1635,119
1636,43
1637,119
1638,43
1639,163
1640,224
1641,163
1642,224
1643,30
1644,216
1645,30
1646,216
1647,165
1648,203
1649,165
1650,203
1651,161
1652,201
1653,161
1654,201
1655,241
1656,199
1657,241
1658,199
1659,238
1660,198
1661,238
1662,198
1663,163
1664,199
1665,163
1666,199
1667,68
1668,200
1669,68
1670,200
1671,212
1672,203
1673,212
1674,203
1675,166
1676,207
1677,166
1678,207
1679,13
1680,213
1681,13
1682,213
1683,187
1684,229
1685,187
1686,229
1687,242
1688,40
1689,242
1690,40
1691,230
1692,47
1693,230
1694,47
1695,105
1696,49
1697,105
1698,49
1699,205
1700,52
1701,205
1702,52
1703,90
1704,52
1705,90
1706,52
1707,1
1708,53
1709,1
1710,53
1711,0
1712,47
1713,0
1714,47
1715,48
1716,49
1717,48
1718,49
1719,15
1720,47
1721,15
1722,47
1723,200
1724,37
1725,200
1726,37
1727,227
1728,26
1729,227
1730,26
1731,240
1732,224
1733,240
1734,224
1735,77
1736,221
1737,77
1738,221
1739,18
1740,214
1741,18
1742,214
1743,3
1744,214
1745,3
1746,214
1747,215
1748,211
1749,215
1750,211
1751,209
1752,207
1753,209
1754,207
1755,9
1756,212
1757,9
1758,212
1759,200
1760,210
1761,200
1762,210
1763,129
1764,219
1765,129
1766,219
1767,8
1768,218
1769,8
1770,218
1771,253
1772,217
1773,253
1774,217
1775,195
1776,224
1777,195
1778,224
1779,91
1780,27
1781,91
1782,27
1783,241
1784,33
1785,241
1786,33
1787,113
1788,22
1789,113
1790,22
1791,195
1792,32
1793,195
1794,32
1795,224
1796,23
1797,224
1798,23
1799,93
1800,32
1801,93
1802,32
1803,42
1804,35
1805,42
1806,35
1807,253
1808,39
1809,253
1810,39
1811,158
1812,40
1813,158
1814,40
1815,250
1816,35
1817,250
1818,35
1819,39
1820,34
1821,39
1822,34
1823,197
1824,34
1825,197
1826,34
1827,238
1828,39
1829,238
1830,39
1831,244
1832,38
1833,244
1834,38
1835,22
1836,42
1837,22
1838,42
1839,231
1840,39
1841,231
1842,39
1843,248
1844,36
1845,248
1846,36
1847,130
1848,39
1849,130
1850,39
1851,219
1852,33
1853,219
1854,33
1855,233
1856,234
1857,233
1858,234
1859,107
1860,225
1861,107
1862,225
1863,179
1864,216
1865,179
1866,216
1867,130
1868,223
1869,130
1870,223
1871,234
1872,209
1873,234
1874,209
1875,101
1876,207
1877,101
1878,207
1879,36
1880,206
1881,36
1882,206
1883,47
1884,207
1885,47
1886,207
1887,54
1888,205
1889,54
1890,205
1891,236
1892,206
1893,236
1894,206
1895,165
1896,210
1897,165
1898,210
1899,239
1900,214
1901,239
1902,214
1903,43
1904,231
1905,43
1906,231
1907,67
1908,38
1909,67
1910,38
1911,153
1912,45
1913,153
1914,45
1915,124
1916,49
1917,124
1918,49
1919,36
1920,53
1921,36
1922,53
1923,129
1924,54
1925,129
1926,54
1927,2
1928,54
1929,2
1930,54
1931,105
1932,54
1933,105
1934,54
1935,105
1936,52
1937,105
1938,52
1939,130
1940,51
1941,130
1942,51
1943,186
1944,46
1945,186
1946,46
1947,117
1948,36
1949,117
1950,36
1951,158
1952,223
1953,158
1954,223
1955,198
1956,210
1957,198
1958,210
1959,64
1960,204
1961,64
1962,204
1963,37
1964,201
1965,37
1966,201
1967,164
1968,199
1969,164
1970,199
1971,197
1972,197
1973,197
1974,197
1975,39
1976,198
1977,39
1978,198
1979,9
1980,196
1981,9
1982,196
1983,228
1984,199
1985,228
1986,199
1987,116
1988,203
1989,116
1990,203
1991,74
1992,210
1993,74
1994,210
1995,126
1996,227
1997,126
1998,227
1999,15
2000,45
2001,15
2002,45
2003,188
2004,52
2005,188
2006,52
2007,187
2008,56
2009,187
2010,56
2011,9
2012,60
2013,9
2014,60
2015,52
2016,61
2017,52
2018,61
2019,80
2020,61
2021,80
2022,61
2023,152
2024,61
2025,152
2026,61
2027,150
2028,59
2029,150
2030,59
2031,102
2032,57
2033,102
2034,57
2035,188
2036,52
2037,188
2038,52
2039,65
2040,44
2041,65
2042,44
2043,216
2044,216
2045,216
2046,216
2047,236
2048,202
2049,236
2050,202
2051,35
2052,197
2053,35
2054,197
2055,83
2056,194
2057,83
2058,194
2059,181
2060,192
2061,181
2062,192
2063,19
2064,191
2065,19
2066,191
2067,117
2068,191
2069,117
2070,191
2071,11
2072,192
2073,11
2074,192
2075,239
2076,194
2077,239
2078,194
2079,230
2080,199
2081,230
2082,199
2083,234
2084,207
2085,234
2086,207
2087,210
2088,24
2089,210
2090,24
2091,125
2092,50
2093,125
2094,50
2095,104
2096,58
2097,104
2098,58
2099,117
2100,62
2101,117
2102,62
2103,136
2104,65
2105,136
2106,65
2107,180
2108,66
2109,180
2110,66
2111,200
2112,65
2113,200
2114,65
2115,150
2116,65
2117,150
2118,65
2119,156
2120,63
2121,156
2122,63
2123,195
2124,60
2125,195
2126,60
2127,111
2128,53
2129,111
2130,53
2131,41
2132,40
2133,41
2134,40
2135,35
2136,209
2137,35
2138,209
2139,2
2140,199
2141,2
2142,199
2143,74
2144,193
2145,74
2146,193
2147,47
2148,190
2149,47
2150,190
2151,200
2152,188
2153,200
2154,188
2155,247
2156,186
2157,247
2158,186
2159,130
2160,187
2161,130
2162,187
2163,126
2164,188
2165,126
2166,188
2167,137
2168,191
2169,137
2170,191
2171,252
2172,196
2173,252
2174,196
2175,169
2176,205
2177,169
2178,205
2179,76
2180,43
2181,76
2182,43
2183,145
2184,56
2185,145
2186,56
2187,128
2188,62
2189,128
2190,62
2191,15
2192,66
2193,15
2194,66
2195,19
2196,69
2197,19
2198,69
2199,81
2200,70
2201,81
2202,70
2203,59
2204,70
2205,59
2206,70
2207,158
2208,69
2209,158
2210,69
2211,1
2212,67
2213,1
2214,67
2215,61
2216,64
2217,61
2218,64
2219,147
2220,55
2221,147
2222,55
2223,90
2224,40
2225,90
2226,40
2227,72
2228,206
2229,72
2230,206
2231,96
2232,195
2233,96
2234,195
2235,54
2236,189
2237,54
2238,189
2239,255
2240,185
2241,255
2242,185
2243,108
2244,184
2245,108
2246,184
2247,166
2248,183
2249,166
2250,183
2251,34
2252,184
2253,34
2254,184
2255,15
2256,186
2257,15
2258,186
2259,252
2260,188
2261,252
2262,188
2263,67
2264,195
2265,67
2266,195
2267,186
2268,204
2269,186
2270,204
2271,201
2272,40
2273,201
2274,40
2275,72
2276,58
2277,72
2278,58
2279,122
2280,65
2281,122
2282,65
2283,199
2284,69
2285,199
2286,69
2287,150
2288,72
2289,150
2290,72
2291,152
2292,73
2293,152
2294,73
2295,125
2296,73
2297,125
2298,73
2299,219
2300,72
2301,219
2302,72
2303,54
2304,70
2305,54
2306,70
2307,33
2308,66
2309,33
2310,66
2311,4
2312,58
2313,4
2314,58
2315,236
2316,39
2317,236
2318,39
2319,117
2320,202
2321,117
2322,202
2323,247
2324,191
2325,247
2326,191
2327,152
2328,186
2329,152
2330,186
2331,32
2332,183
2333,32
2334,183
2335,137
2336,181
2337,137
2338,181
2339,158
2340,180
2341,158
2342,180
2343,60
2344,181
2345,60
2346,181
2347,246
2348,182
2349,246
2350,182
2351,169
2352,185
2353,169
2354,185
2355,17
2356,192
2357,17
2358,192
2359,81
2360,202
2361,81
2362,202
2363,233
2364,42
2365,233
2366,42
2367,188
2368,60
2369,188
2370,60
2371,109
2372,68
2373,109
2374,68
2375,209
2376,72
2377,209
2378,72
2379,183
2380,75
2381,183
2382,75
2383,216
2384,76
2385,216
2386,76
2387,195
2388,76
2389,195
2390,76
2391,252
2392,75
2393,252
2394,75
2395,67
2396,73
2397,67
2398,73
2399,253
2400,66
2401,253
2402,66
2403,114
2404,58
2405,114
2406,58
2407,146
2408,41
2409,146
2410,41
2411,134
2412,202
2413,134
2414,202
2415,144
2416,192
2417,144
2418,192
2419,202
2420,184
2421,202
2422,184
2423,88
2424,180
2425,88
2426,180
2427,183
2428,178
2429,183
2430,178
2431,1
2432,178
2433,1
2434,178
2435,131
2436,178
2437,131
2438,178
2439,51
2440,180
2441,51
2442,180
2443,41
2444,183
2445,41
2446,183
2447,122
2448,189
2449,122
2450,189
2451,54
2452,199
2453,54
2454,199
2455,150
2456,40
2457,150
2458,40
2459,155
2460,61
2461,155
2462,61
2463,239
2464,69
2465,239
2466,69
2467,182
2468,74
2469,182
2470,74
2471,201
2472,77
2473,201
2474,77
2475,22
2476,79
2477,22
2478,79
2479,123
2480,78
2481,123
2482,78
2483,78
2484,78
2485,78
2486,78
2487,241
2488,75
2489,241
2490,75
2491,233
2492,70
2493,233
2494,70
2495,179
2496,63
2497,179
2498,63
2499,162
2500,48
2501,162
2502,48
2503,253
2504,202
2505,253
2506,202
2507,175
2508,189
2509,175
2510,189
2511,255
2512,182
2513,255
2514,182
2515,232
2516,178
2517,232
2518,178
2519,211
2520,176
2521,211
2522,176
2523,175
2524,175
2525,175
2526,175
2527,21
2528,176
2529,21
2530,176
2531,204
2532,177
2533,204
2534,177
2535,178
2536,180
2537,178
2538,180
2539,144
2540,186
2541,144
2542,186
2543,112
2544,195
2545,112
2546,195
2547,170
2548,28
2549,170
2550,28
2551,92
2552,61
2553,92
2554,61
2555,186
2556,70
2557,186
2558,70
2559,14
2560,76
2561,14
2562,76
2563,70
2564,79
2565,70
2566,79
2567,144
2568,80
2569,144
2570,80
2571,38
2572,81
2573,38
2574,81
2575,136
2576,80
2577,136
2578,80
2579,3
2580,78
2581,3
2582,78
2583,175
2584,73
2585,175
2586,73
2587,112
2588,67
2589,112
2590,67
2591,144
2592,54
2593,144
2594,54
2595,55
2596,205
2597,55
2598,205
2599,152
2600,189
2601,152
2602,189
2603,62
2604,182
2605,62
2606,182
2607,186
2608,177
2609,186
2610,177
2611,58
2612,175
2613,58
2614,175
2615,211
2616,173
2617,211
2618,173
2619,0
2620,174
2621,0
2622,174
2623,127
2624,175
2625,127
2626,175
2627,36
2628,178
2629,36
2630,178
2631,127
2632,183
2633,127
2634,183
2635,108
2636,191
2637,108
2638,191
2639,229
2640,206
2641,229
2642,206
2643,53
2644,60
2645,53
2646,60
2647,117
2648,70
2649,117
2650,70
2651,106
2652,76
2653,106
2654,76
2655,90
2656,80
2657,90
2658,80
2659,237
2660,82
2661,237
2662,82
2663,254
2664,82
2665,254
2666,82
2667,151
2668,82
2669,151
2670,82
2671,209
2672,80
2673,209
2674,80
2675,62
2676,77
2677,62
2678,77
2679,144
2680,71
2681,144
2682,71
2683,143
2684,60
2685,143
2686,60
2687,101
2688,213
2689,101
2690,213
2691,26
2692,191
2693,26
2694,191
2695,49
2696,182
2697,49
2698,182
2699,213
2700,176
2701,213
2702,176
2703,194
2704,173
2705,194
2706,173
2707,3
2708,172
2709,3
2710,172
2711,213
2712,171
2713,213
2714,171
2715,245
2716,172
2717,245
2718,172
2719,48
2720,175
2721,48
2722,175
2723,81
2724,179
2725,81
2726,179
2727,131
2728,186
2729,131
2730,186
2731,18
2732,200
2733,18
2734,200
2735,48
2736,54
2737,48
2738,54
2739,91
2740,69
2741,91
2742,69
2743,19
2744,77
2745,19
2746,77
2747,123
2748,81
2749,123
2750,81
2751,33
2752,84
2753,33
2754,84
2755,53
2756,85
2757,53
2758,85
2759,84
2760,85
2761,84
2762,85
2763,244
2764,82
2765,244
2766,82
2767,144
2768,80
2769,144
2770,80
2771,128
2772,75
2773,128
2774,75
2775,17
2776,66
2777,17
2778,66
2779,90
2780,43
2781,90
2782,43
2783,65
2784,194
2785,65
2786,194
2787,49
2788,183
2789,49
2790,183
2791,192
2792,176
2793,192
2794,176
2795,224
2796,172
2797,224
2798,172
2799,154
2800,170
2801,154
2802,170
2803,250
2804,169
2805,250
2806,169
2807,171
2808,170
2809,171
2810,170
2811,107
2812,172
2813,107
2814,172
2815,182
2816,175
2817,182
2818,175
2819,245
2820,181
2821,245
2822,181
2823,170
2824,192
2825,170
2826,192
2827,133
2828,43
2829,133
2830,43
2831,160
2832,66
2833,160
2834,66
2835,19
2836,76
2837,19
2838,76
2839,153
2840,81
2841,153
2842,81
2843,1
2844,85
2845,1
2846,85
2847,163
2848,86
2849,163
2850,86
2851,41
2852,87
2853,41
2854,87
2855,29
2856,86
2857,29
2858,86
2859,127
2860,83
2861,127
2862,83
2863,68
2864,79
2865,68
2866,79
2867,5
2868,72
2869,5
2870,72
2871,154
2872,58
2873,154
2874,58
2875,73
2876,200
2877,73
2878,200
2879,193
2880,184
2881,193
2882,184
2883,12
2884,177
2885,12
2886,177
2887,86
2888,172
2889,86
2890,172
2891,118
2892,169
2893,118
2894,169
2895,66
2896,168
2897,66
2898,168
2899,108
2900,168
2901,108
2902,168
2903,176
2904,169
2905,176
2906,169
2907,239
2908,172
2909,239
2910,172
2911,80
2912,177
2913,80
2914,177
2915,216
2916,185
2917,216
2918,185
2919,201
2920,206
2921,201
2922,206
2923,71
2924,62
2925,71
2926,62
2927,70
2928,74
2929,70
2930,74
2931,53
2932,81
2933,53
2934,81
2935,140
2936,85
2937,140
2938,85
2939,220
2940,87
2941,220
2942,87
2943,222
2944,88
2945,222
2946,88
2947,91
2948,88
2949,91
2950,88
2951,100
2952,86
2953,100
2954,86
2955,239
2956,82
2957,239
2958,82
2959,5
2960,77
2961,5
2962,77
2963,60
2964,67
2965,60
2966,67
2967,104
2968,226
2969,104
2970,226
2971,100
2972,188
2973,100
2974,188
2975,140
2976,178
2977,140
2978,178
2979,143
2980,172
2981,143
2982,172
2983,248
2984,168
2985,248
2986,168
2987,239
2988,166
2989,239
2990,166
2991,124
2992,166
2993,124
2994,166
2995,46
2996,167
2997,46
2998,167
2999,174
3000,169
3001,174
3002,169
3003,9
3004,174
3005,9
3006,174
3007,149
3008,180
3009,149
3010,180
3011,204
3012,194
3013,204
3014,194
3015,239
3016,42
3017,239
3018,42
3019,37
3020,71
3021,37
3022,71
3023,74
3024,80
3025,74
3026,80
3027,54
3028,85
3029,54
3030,85
3031,59
3032,88
3033,59
3034,88
3035,17
3036,90
3037,17
3038,90
3039,82
3040,90
3041,82
3042,90
3043,6
3044,89
3045,6
3046,89
3047,71
3048,86
3049,71
3050,86
3051,132
3052,81
3053,132
3054,81
3055,45
3056,74
3057,45
3058,74
3059,102
3060,58
3061,102
3062,58
3063,241
3064,195
3065,241
3066,195
3067,138
3068,181
3069,138
3070,181
3071,219
3072,173
3073,219
3074,173
3075,42
3076,169
3077,42
3078,169
3079,83
3080,166
3081,83
3082,166
3083,34
3084,165
3085,34
3086,165
3087,40
3088,165
3089,40
3090,165
3091,222
3092,166
3093,222
3094,166
3095,83
3096,170
3097,83
3098,170
3099,100
3100,175
3101,100
3102,175
3103,136
3104,184
3105,136
3106,184
3107,249
3108,205
3109,249
3110,205
3111,161
3112,65
3113,161
3114,65
3115,120
3116,77
3117,120
3118,77
3119,56
3120,84
3121,56
3122,84
3123,101
3124,88
3125,101
3126,88
3127,213
3128,90
3129,213
3130,90
3131,171
3132,91
3133,171
3134,91
3135,6
3136,91
3137,6
3138,91
3139,35
3140,89
3141,35
3142,89
3143,88
3144,85
3145,88
3146,85
3147,39
3148,79
3149,39
3150,79
3151,205
3152,68
3153,205
3154,68
3155,92
3156,219
3157,92
3158,219
3159,51
3160,186
3161,51
3162,186
3163,15
3164,176
3165,15
3166,176
3167,244
3168,169
3169,244
3170,169
3171,48
3172,166
3173,48
3174,166
3175,58
3176,164
3177,58
3178,164
3179,212
3180,163
3181,212
3182,163
3183,193
3184,164
3185,193
3186,164
3187,58
3188,167
3189,58
3190,167
3191,29
3192,171
3193,29
3194,171
3195,31
3196,178
3197,31
3198,178
3199,91
3200,160
3201,91
3202,160
3203,49
3204,165
3205,49
3206,165
3207,247
3208,172
3209,247
3210,172
3211,191
3212,186
3213,191
3214,186
3215,172
3216,58
3217,172
3218,58
3219,246
3220,78
3221,246
3222,78
3223,127
3224,88
3225,127
3226,88
3227,60
3228,94
3229,60
3230,94
3231,135
3232,97
3233,135
3234,97
3235,21
3236,99
3237,21
3238,99
3239,77
3240,99
3241,77
3242,99
3243,246
3244,97
3245,246
3246,97
3247,205
3248,94
3249,205
3250,94
3251,162
3252,89
3253,162
3254,89
3255,255
3256,80
3257,255
3258,80
3259,176
3260,63
3261,176
3262,63
3263,43
3264,191
3265,43
3266,191
3267,132
3268,174
3269,132
3270,174
3271,68
3272,166
3273,68
3274,166
3275,7
3276,161
3277,7
3278,161
3279,12
3280,158
3281,12
3282,158
3283,208
3284,156
3285,208
3286,156
3287,234
3288,156
3289,234
3290,156
3291,148
3292,158
3293,148
3294,158
3295,25
3296,162
3297,25
3298,162
3299,246
3300,167
3301,246
3302,167
3303,80
3304,177
3305,80
3306,177
3307,15
3308,199
3309,15
3310,199
3311,245
3312,69
3313,245
3314,69
3315,96
3316,83
3317,96
3318,83
3319,12
3320,91
3321,12
3322,91
3323,154
3324,95
3325,154
3326,95
3327,53
3328,98
3329,53
3330,98
3331,56
3332,99
3333,56
3334,99
3335,204
3336,98
3337,204
3338,98
3339,188
3340,96
3341,188
3342,96
3343,230
3344,92
3345,230
3346,92
3347,124
3348,86
3349,124
3350,86
3351,154
3352,75
3353,154
3354,75
3355,100
3356,145
3357,100
3358,145
3359,100
3360,145
3361,100
3362,145
3363,26
3364,149
3365,26
3366,149
3367,157
3368,110
3369,157
3370,110
3371,157
3372,110
3373,157
3374,110
3375,233
3376,106
3377,233
3378,106
3379,216
3380,192
3381,216
3382,192
3383,34
3384,158
3385,34
3386,158
3387,156
3388,151
3389,156
3390,151
3391,219
3392,145
3393,219
3394,145
3395,224
3396,146
3397,224
3398,146
3399,81
3400,165
3401,81
3402,165
3403,210
3404,90
3405,210
3406,90
3407,84
3408,110
3409,84
3410,110
3411,156
3412,110
3413,156
3414,110
3415,87
3416,106
3417,87
3418,106
3419,24
3420,82
3421,24
3422,82
3423,247
3424,163
3425,247
3426,163
3427,102
3428,147
3429,102
3430,147
3431,101
3432,145
3433,101
3434,145
3435,183
3436,149
3437,183
3438,149
3439,34
3440,174
3441,34
3442,174
3443,205
3444,92
3445,205
3446,92
3447,207
3448,108
3449,207
3450,108
3451,156
3452,110
3453,156
3454,110
3455,55
3456,105
3457,55
3458,105
3459,164
3460,79
3461,164
3462,79
3463,224
3464,162
3465,224
3466,162
3467,125
3468,147
3469,125
3470,147
3471,102
3472,145
3473,102
3474,145
3475,216
3476,151
3477,216
3478,151
3479,131
3480,178
3481,131
3482,178
3483,132
3484,93
3485,132
3486,93
3487,58
3488,108
3489,58
3490,108
3491,155
3492,110
3493,155
3494,110
3495,217
3496,95
3497,217
3498,95
3499,154
3500,187
3501,154
3502,187
3503,54
3504,150
3505,54
3506,150
3507,102
3508,145
3509,102
3510,145
3511,177
3512,155
3513,177
3514,155
3515,255
3516,68
3517,255
3518,68
3519,250
3520,103
3521,250
3522,103
3523,66
3524,110
3525,66
3526,110
3527,162
3528,101
3529,162
3530,101
3531,233
3532,221
3533,233
3534,221
3535,57
3536,154
3537,57
3538,154
3539,193
3540,146
3541,193
3542,146
3543,79
3544,153
3545,79
3546,153
3547,230
3548,194
3549,230
3550,194
3551,117
3552,98
3553,117
3554,98
3555,127
3556,108
3557,127
3558,108
3559,40
3560,103
3561,40
3562,103
3563,67
3564,73
3565,67
3566,73
3567,51
3568,160
3569,51
3570,160
3571,41
3572,149
3573,41
3574,149
3575,93
3576,152
3577,93
3578,152
3579,255
3580,175
3581,255
3582,175
3583,133
3584,91
3585,133
3586,91
3587,198
3588,105
3589,198
3590,105
3591,137
3592,103
3593,137
3594,103
3595,168
3596,83
3597,168
3598,83
3599,96
3600,169
3601,96
3602,169
3603,99
3604,152
3605,99
3606,152
3607,110
3608,152
3609,110
3610,152
3611,39
3612,169
3613,39
3614,169
3615,188
3616,82
3617,188
3618,82
3619,33
3620,101
3621,33
3622,101
3623,211
3624,102
3625,211
3626,102
3627,212
3628,88
3629,212
3630,88
3631,228
3632,179
3633,228
3634,179
3635,143
3636,156
3637,143
3638,156
3639,150
3640,153
3641,150
3642,153
3643,193
3644,165
3645,193
3646,165
3647,44
3648,70
3649,44
3650,70
3651,85
3652,96
3653,85
3654,96
3655,253
3656,100
3657,253
3658,100
3659,70
3660,91
3661,70
3662,91
3663,42
3664,198
3665,42
3666,198
3667,201
3668,161
3669,201
3670,161
3671,216
3672,156
3673,216
3674,156
3675,108
3676,164
3677,108
3678,164
3679,73
3680,28
3681,73
3682,28
3683,119
3684,90
3685,119
3686,90
3687,20
3688,98
3689,20
3690,98
3691,89
3692,91
3693,89
3694,91
3695,204
3696,58
3697,204
3698,58
3699,23
3700,168
3701,23
3702,168
3703,106
3704,160
3705,106
3706,160
3707,159
3708,164
3709,159
3710,164
3711,143
3712,190
3713,143
3714,190
3715,117
3716,83
3717,117
3718,83
3719,16
3720,94
3721,16
3722,94
3723,50
3724,90
3725,50
3726,90
3727,238
3728,69
3729,238
3730,69
3731,171
3732,175
3733,171
3734,175
3735,54
3736,165
3737,54
3738,165
3739,106
3740,166
3741,106
3742,166
3743,251
3744,183
3745,251
3746,183
3747,207
3748,74
3749,207
3750,74
3751,190
3752,88
3753,190
3754,88
3755,81
3756,87
3757,81
3758,87
3759,70
3760,73
3761,70
3762,73
3763,191
3764,187
3765,191
3766,187
3767,123
3768,171
3769,123
3770,171
3771,246
3772,169
3773,246
3774,169
3775,251
3776,182
3777,251
3778,182
3779,32
3780,63
3781,32
3782,63
3783,153
3784,79
3785,153
3786,79
3787,139
3788,82
3789,139
3790,82
3791,11
3792,73
3793,11
3794,73
3795,175
3796,202
3797,175
3798,202
3799,120
3800,179
3801,120
3802,179
3803,133
3804,175
3805,133
3806,175
3807,64
3808,185
3809,64
3810,185
3811,157
3812,43
3813,157
3814,43
3815,25
3816,70
3817,25
3818,70
3819,30
3820,75
3821,30
3822,75
3823,90
3824,69
3825,90
3826,69
3827,104
3828,35
3829,104
3830,35
3831,16
3832,190
3833,16
3834,190
3835,159
3836,188
3837,159
3838,188
3839,126
3840,192
3841,126
3842,192
3843,11
3844,214
3845,11
3846,214
3847,176
3848,55
3849,176
3850,55
3851,177
3852,61
3853,177
3854,61
3855,12
3856,51
3857,12
3858,51
3859,203
3860,37
3861,203
3862,37
3863,234
3864,208
3865,234
3866,208
3867,221
3868,16
3869,221
3870,16
3871,62
3872,12
3873,62
3874,12
3875,123
3876,240
3877,123
3878,240
3879,43
3880,210
3881,43
3882,210
3883,63
3884,203
3885,63
3886,203
3887,158
3888,195
3889,158
3890,195
3891,251
3892,206
3893,251
3894,206
3895,125
3896,51
3897,125
3898,51
3899,6
3900,66
3901,6
3902,66
3903,65
3904,66
3905,65
3906,66
3907,139
3908,59
3909,139
3910,59
3911,141
3912,199
3913,141
3914,199
3915,105
3916,186
3917,105
3918,186
3919,159
3920,181
3921,159
3922,181
3923,176
3924,191
3925,176
3926,191
3927,195
3928,56
3929,195
3930,56
3931,227
3932,74
3933,227
3934,74
3935,163
3936,77
3937,163
3938,77
3939,122
3940,71
3941,122
3942,71
3943,123
3944,202
3945,123
3946,202
3947,141
3948,177
3949,141
3950,177
3951,46
3952,173
3953,46
3954,173
3955,226
3956,180
3957,226
3958,180
3959,214
3960,43
3961,214
3962,43
3963,116
3964,79
3965,116
3966,79
3967,6
3968,85
3969,6
3970,85
3971,161
3972,80
3973,161
3974,80
3975,165
3976,40
3977,165
3978,40
3979,173
3980,174
3981,173
3982,174
3983,92
3984,167
3985,92
3986,167
3987,137
3988,172
3989,137
3990,172
3991,120
3992,198
3993,120
3994,198
3995,108
3996,81
3997,108
3998,81
3999,130
4000,91
4001,130
4002,91
4003,210
4004,87
4005,210
4006,87
4007,81
4008,64
4009,81
4010,64
4011,72
4012,174
4013,72
4014,174
4015,110
4016,163
4017,110
4018,163
4019,95
4020,164
4021,95
4022,164
4023,21
4024,184
4025,21
4026,184
4027,190
4028,80
4029,190
4030,80
4031,126
4032,94
4033,126
4034,94
4035,155
4036,93
4037,155
4038,93
4039,70
4040,76
4041,70
4042,76
4043,202
4044,176
4045,202
4046,176
4047,241
4048,160
4049,241
4050,160
4051,75
4052,159
4053,75
4054,159
4055,11
4056,174
4057,11
4058,174
4059,210
4060,76
4061,210
4062,76
4063,62
4064,96
4065,62
4066,96
4067,66
4068,98
4069,66
4070,98
4071,235
4072,86
4073,235
4074,86
4075,60
4076,183
4077,60
4078,183
4079,164
4080,159
4081,164
4082,159
4083,81
4084,155
4085,81
4086,155
4087,50
4088,166
4089,50
4090,166
4091,254
4092,65
4093,254
4094,65
4095,203
4096,96
