1,0
2,0
3,21
4,25
5,21
6,25
7,227
8,40
9,227
10,40
11,248
12,48
13,248
14,48
15,194
16,53
17,194
18,53
19,210
20,57
21,210
22,57
23,196
24,63
25,196
26,63
27,133
28,68
29,133
30,68
31,142
32,71
33,142
34,71
35,139
36,73
37,139
38,73
39,174
40,74
41,174
42,74
43,11
44,75
45,11
46,75
47,183
48,74
49,183
50,74
51,197
52,73
53,197
54,73
55,63
56,72
57,63
58,72
59,45
60,70
61,45
62,70
63,149
64,67
65,149
66,67
67,89
68,64
69,89
70,64
71,147
72,60
73,147
74,60
75,24
76,56
77,24
78,56
79,201
80,50
81,201
82,50
83,95
84,44
85,95
86,44
87,244
88,35
89,244
90,35
91,254
92,20
93,254
94,20
95,222
96,227
97,222
98,227
99,185
100,221
101,185
102,221
103,40
104,220
105,40
106,220
107,74
108,222
109,74
110,222
111,58
112,231
113,58
114,231
115,225
116,29
117,225
118,29
119,217
120,42
121,217
122,42
123,11
124,52
125,11
126,52
127,155
128,59
129,155
130,59
131,19
132,66
133,19
134,66
135,176
136,71
137,176
138,71
139,131
140,76
141,131
142,76
143,147
144,80
145,147
146,80
147,236
148,83
149,236
150,83
151,156
152,86
153,156
154,86
155,66
156,88
157,66
158,88
159,66
160,88
161,66
162,88
163,66
164,88
165,66
166,88
167,66
168,88
169,66
170,88
171,66
172,88
173,66
174,88
175,66
176,88
177,66
178,88
179,66
180,88
181,66
182,88
183,66
184,88
185,66
186,88
187,19
188,87
189,19
190,87
191,74
192,85
193,74
194,85
195,73
196,83
197,73
198,83
199,21
200,81
201,21
202,81
203,193
204,78
205,193
206,78
207,98
208,76
209,98
210,76
211,13
212,74
213,13
214,74
215,218
216,71
217,218
218,71
219,243
220,69
221,243
222,69
223,140
224,68
225,140
226,68
227,209
228,67
229,209
230,67
231,214
232,67
233,214
234,67
235,83
236,68
237,83
238,68
239,8
240,70
241,8
242,70
243,145
244,72
245,145
246,72
247,153
248,75
249,153
250,75
251,162
252,78
253,162
254,78
255,9
256,82
257,9
258,82
259,125
260,85
261,125
262,85
263,65
264,88
265,65
266,88
267,65
268,88
269,65
270,88
271,65
272,88
273,65
274,88
275,65
276,88
277,65
278,88
279,65
280,88
281,65
282,88
283,65
284,88
285,65
286,88
287,65
288,88
289,65
290,88
291,65
292,88
293,65
294,88
295,65
296,88
297,65
298,88
299,65
300,88
301,65
302,88
303,65
304,88
305,65
306,88
307,65
308,88
309,65
310,88
311,65
312,88
313,65
314,88
315,65
316,88
317,65
318,88
319,65
320,88
321,65
322,88
323,64
324,88
325,64
326,88
327,64
328,88
329,64
330,88
331,64
332,88
333,64
334,88
335,5
336,88
337,5
338,88
339,68
340,86
341,68
342,86
343,171
344,84
345,171
346,84
347,84
348,83
349,84
350,83
351,95
352,82
353,95
354,82
355,231
356,81
357,231
358,81
359,0
360,82
361,0
362,82
363,182
364,82
365,182
366,82
367,8
368,84
369,8
370,84
371,224
372,85
373,224
374,85
375,36
376,88
377,36
378,88
379,64
380,88
381,64
382,88
383,64
384,88
385,64
386,88
387,64
388,88
389,64
390,88
391,64
392,88
393,64
394,88
395,64
396,88
397,64
398,88
399,64
400,88
401,64
402,88
403,64
404,88
405,64
406,88
407,64
408,88
409,64
410,88
411,64
412,88
413,64
414,88
415,64
416,88
417,64
418,88
419,64
420,88
421,64
422,88
423,64
424,88
425,64
426,88
427,64
428,88
429,64
430,88
431,64
432,88
433,64
434,88
435,64
436,88
437,64
438,88
439,64
440,88
441,64
442,88
443,64
444,88
445,64
446,88
447,63
448,88
449,63
450,88
451,63
452,88
453,63
454,88
455,63
456,88
457,63
458,88
459,63
460,88
461,63
462,88
463,63
464,88
465,63
466,88
467,63
468,88
469,63
470,88
471,63
472,88
473,63
474,88
475,63
476,88
477,63
478,88
479,193
480,87
481,193
482,87
483,221
484,87
485,221
486,87
487,241
488,87
489,241
490,87
491,63
492,88
493,63
494,88
495,63
496,88
497,63
498,88
499,63
500,88
501,63
502,88
503,63
504,88
505,63
506,88
507,63
508,88
509,63
510,88
511,63
512,88
513,63
514,88
515,63
516,88
517,63
518,88
519,63
520,88
521,63
522,88
523,63
524,88
525,63
526,88
527,63
528,88
529,63
530,88
531,63
532,88
533,63
534,88
535,63
536,88
537,63
538,88
539,63
540,88
541,63
542,88
543,63
544,88
545,63
546,88
547,63
548,88
549,63
550,88
551,63
552,88
553,63
554,88
555,63
556,88
557,63
558,88
559,63
560,88
561,63
562,88
563,63
564,88
565,63
566,88
567,63
568,88
569,63
570,88
571,63
572,88
573,63
574,88
575,62
576,88
577,62
578,88
579,62
580,88
581,62
582,88
583,62
584,88
585,62
586,88
587,62
588,88
589,62
590,88
591,62
592,88
593,62
594,88
595,62
596,88
597,62
598,88
599,62
600,88
601,62
602,88
603,62
604,88
605,62
606,88
607,62
608,88
609,62
610,88
611,62
612,88
613,62
614,88
615,62
616,88
617,62
618,88
619,62
620,88
621,62
622,88
623,62
624,88
625,62
626,88
627,62
628,88
629,62
630,88
631,62
632,88
633,62
634,88
635,62
636,88
637,62
638,88
639,62
640,88
641,62
642,88
643,62
644,88
645,62
646,88
647,62
648,88
649,62
650,88
651,62
652,88
653,62
654,88
655,62
656,88
657,62
658,88
659,62
660,88
661,62
662,88
663,62
664,88
665,62
666,88
667,62
668,88
669,62
670,88
671,62
672,88
673,62
674,88
675,62
676,88
677,62
678,88
679,62
680,88
681,62
682,88
683,62
684,88
685,62
686,88
687,62
688,88
689,62
690,88
691,62
692,88
693,62
694,88
695,62
696,88
697,62
698,88
699,61
700,88
701,61
702,88
703,61
704,88
705,61
706,88
707,61
708,88
709,61
710,88
711,61
712,88
713,61
714,88
715,61
716,88
717,61
718,88
719,61
720,88
721,61
722,88
723,61
724,88
725,61
726,88
727,47
728,87
729,47
730,87
731,34
732,86
733,34
734,86
735,137
736,85
737,137
738,85
739,128
740,85
741,128
742,85
743,10
744,86
745,10
746,86
747,38
748,87
749,38
750,87
751,61
752,88
753,61
754,88
755,61
756,88
757,61
758,88
759,61
760,88
761,61
762,88
763,61
764,88
765,61
766,88
767,61
768,88
769,61
770,88
771,61
772,88
773,61
774,88
775,61
776,88
777,61
778,88
779,61
780,88
781,61
782,88
783,61
784,88
785,61
786,88
787,61
788,88
789,61
790,88
791,61
792,88
793,61
794,88
795,61
796,88
797,61
798,88
799,61
800,88
801,61
802,88
803,61
804,88
805,61
806,88
807,61
808,88
809,61
810,88
811,61
812,88
813,61
814,88
815,61
816,88
817,61
818,88
819,61
820,88
821,61
822,88
823,60
824,88
825,60
826,88
827,60
828,88
829,60
830,88
831,60
832,88
833,60
834,88
835,60
836,88
837,60
838,88
839,54
840,86
841,54
842,86
843,230
844,83
845,230
846,83
847,203
848,81
849,203
850,81
851,2
852,80
853,2
854,80
855,182
856,78
857,182
858,78
859,5
860,78
861,5
862,78
863,15
864,78
865,15
866,78
867,219
868,78
869,219
870,78
871,90
872,80
873,90
874,80
875,105
876,82
877,105
878,82
879,214
880,84
881,214
882,84
883,110
884,87
885,110
886,87
887,60
888,88
889,60
890,88
891,60
892,88
893,60
894,88
895,60
896,88
897,60
898,88
899,60
900,88
901,60
902,88
903,60
904,88
905,60
906,88
907,60
908,88
909,60
910,88
911,60
912,88
913,60
914,88
915,60
916,88
917,60
918,88
919,60
920,88
921,60
922,88
923,60
924,88
925,60
926,88
927,60
928,88
929,60
930,88
931,60
932,88
933,60
934,88
935,60
936,88
937,60
938,88
939,60
940,88
941,60
942,88
943,60
944,88
945,60
946,88
947,59
948,88
949,59
950,88
951,62
952,87
953,62
954,87
955,104
956,84
957,104
958,84
959,134
960,81
961,134
962,81
963,118
964,78
965,118
966,78
967,83
968,75
969,83
970,75
971,56
972,72
973,56
974,72
975,81
976,69
977,81
978,69
979,192
980,66
981,192
982,66
983,221
984,64
985,221
986,64
987,191
988,63
989,191
990,63
991,219
992,63
993,219
994,63
995,19
996,65
997,19
998,65
999,75
1000,67
1001,75
1002,67
1003,46
1004,70
1005,46
1006,70
1007,124
1008,73
1009,124
1010,73
1011,230
1012,76
1013,230
1014,76
1015,60
1016,80
1017,60
1018,80
1019,74
1020,83
1021,74
1022,83
1023,240
1024,85
1025,240
1026,85
1027,23
1028,88
1029,23
1030,88
1031,59
1032,88
1033,59
1034,88
1035,59
1036,88
1037,59
1038,88
1039,59
1040,88
1041,59
1042,88
1043,59
1044,88
1045,59
1046,88
1047,59
1048,88
1049,59
1050,88
1051,59
1052,88
1053,59
1054,88
1055,59
1056,88
1057,59
1058,88
1059,114
1060,86
1061,114
1062,86
1063,19
1064,84
1065,19
1066,84
1067,69
1068,81
1069,69
1070,81
1071,7
1072,78
1073,7
1074,78
1075,81
1076,74
1077,81
1078,74
1079,24
1080,70
1081,24
1082,70
1083,87
1084,65
1085,87
1086,65
1087,244
1088,59
1089,244
1090,59
1091,217
1092,53
1093,217
1094,53
1095,159
1096,46
1097,159
1098,46
1099,242
1100,37
1101,242
1102,37
1103,149
1104,25
1105,149
1106,25
1107,213
1108,234
1109,213
1110,234
1111,204
1112,229
1113,204
1114,229
1115,28
1116,236
1117,28
1118,236
1119,212
1120,27
1121,212
1122,27
1123,187
1124,39
1125,187
1126,39
1127,170
1128,48
1129,170
1130,48
1131,14
1132,56
1133,14
1134,56
1135,70
1136,62
1137,70
1138,62
1139,104
1140,67
1141,104
1142,67
1143,160
1144,71
1145,160
1146,71
1147,238
1148,74
1149,238
1150,74
1151,97
1152,77
1153,97
1154,77
1155,255
1156,78
1157,255
1158,78
1159,242
1160,79
1161,242
1162,79
1163,243
1164,80
1165,243
1166,80
1167,217
1168,80
1169,217
1170,80
1171,253
1172,79
1173,253
1174,79
1175,190
1176,78
1177,190
1178,78
1179,159
1180,77
1181,159
1182,77
1183,119
1184,75
1185,119
1186,75
1187,165
1188,72
1189,165
1190,72
1191,22
1192,69
1193,22
1194,69
1195,175
1196,64
1197,175
1198,64
1199,57
1200,59
1201,57
1202,59
1203,254
1204,51
1205,254
1206,51
1207,239
1208,40
1209,239
1210,40
1211,151
1212,236
1213,151
1214,236
1215,79
1216,213
1217,79
1218,213
1219,224
1220,203
1221,224
1222,203
1223,251
1224,197
1225,251
1226,197
1227,224
1228,193
1229,224
1230,193
1231,255
1232,190
1233,255
1234,190
1235,62
1236,189
1237,62
1238,189
1239,125
1240,188
1241,125
1242,188
1243,183
1244,188
1245,183
1246,188
1247,11
1248,190
1249,11
1250,190
1251,137
1252,192
1253,137
1254,192
1255,106
1256,196
1257,106
1258,196
1259,27
1260,202
1261,27
1262,202
1263,181
1264,210
1265,181
1266,210
1267,107
1268,228
1269,107
1270,228
1271,250
1272,37
1273,250
1274,37
1275,210
1276,48
1277,210
1278,48
1279,38
1280,55
1281,38
1282,55
1283,35
1284,59
1285,35
1286,59
1287,102
1288,61
1289,102
1290,61
1291,62
1292,62
1293,62
1294,62
1295,221
1296,61
1297,221
1298,61
1299,46
1300,60
1301,46
1302,60
1303,42
1304,57
1305,42
1306,57
1307,112
1308,52
1309,112
1310,52
1311,241
1312,44
1313,241
1314,44
1315,207
1316,29
1317,207
1318,29
1319,85
1320,219
1321,85
1322,219
1323,171
1324,206
1325,171
1326,206
1327,106
1328,198
1329,106
1330,198
1331,35
1332,192
1333,35
1334,192
1335,47
1336,187
1337,47
1338,187
1339,41
1340,183
1341,41
1342,183
1343,207
1344,179
1345,207
1346,179
1347,35
1348,177
1349,35
1350,177
1351,34
1352,175
1353,34
1354,175
1355,196
1356,173
1357,196
1358,173
1359,5
1360,173
1361,5
1362,173
1363,250
1364,172
1365,250
1366,172
1367,154
1368,173
1369,154
1370,173
1371,0
1372,175
1373,0
1374,175
1375,38
1376,177
1377,38
1378,177
1379,7
1380,180
1381,7
1382,180
1383,151
1384,183
1385,151
1386,183
1387,11
1388,188
1389,11
1390,188
1391,201
1392,191
1393,201
1394,191
1395,98
1396,192
1397,98
1398,192
1399,234
1400,199
1401,234
1402,199
1403,16
1404,207
1405,16
1406,207
1407,92
1408,208
1409,92
1410,208
1411,133
1412,207
1413,133
1414,207
1415,61
1416,215
1417,61
1418,215
1419,206
1420,217
1421,206
1422,217
1423,89
1424,217
1425,89
1426,217
1427,79
1428,214
1429,79
1430,214
1431,136
1432,209
1433,136
1434,209
1435,73
1436,204
1437,73
1438,204
1439,7
1440,199
1441,7
1442,199
1443,243
1444,193
1445,243
1446,193
1447,38
1448,189
1449,38
1450,189
1451,208
1452,184
1453,208
1454,184
1455,237
1456,180
1457,237
1458,180
1459,91
1460,177
1461,91
1462,177
1463,23
1464,174
1465,23
1466,174
1467,66
1468,171
1469,66
1470,171
1471,201
1472,168
1473,201
1474,168
1475,202
1476,167
1477,202
1478,167
1479,202
1480,167
1481,202
1482,167
1483,202
1484,167
1485,202
1486,167
1487,202
1488,167
1489,202
1490,167
1491,202
1492,167
1493,202
1494,167
1495,202
1496,167
1497,202
1498,167
1499,202
1500,167
1501,202
1502,167
1503,202
1504,167
1505,202
1506,167
1507,202
1508,167
1509,202
1510,167
1511,204
1512,167
1513,204
1514,167
1515,78
1516,170
1517,78
1518,170
1519,64
1520,173
1521,64
1522,173
1523,107
1524,176
1525,107
1526,176
1527,152
1528,179
1529,152
1530,179
1531,139
1532,182
1533,139
1534,182
1535,28
1536,185
1537,28
1538,185
1539,238
1540,186
1541,238
1542,186
1543,203
1544,187
1545,203
1546,187
1547,165
1548,187
1549,165
1550,187
1551,133
1552,186
1553,133
1554,186
1555,156
1556,184
1557,156
1558,184
1559,31
1560,182
1561,31
1562,182
1563,84
1564,179
1565,84
1566,179
1567,91
1568,176
1569,91
1570,176
1571,95
1572,173
1573,95
1574,173
1575,119
1576,170
1577,119
1578,170
1579,203
1580,167
1581,203
1582,167
1583,203
1584,167
1585,203
1586,167
1587,203
1588,167
1589,203
1590,167
1591,203
1592,167
1593,203
1594,167
1595,203
1596,167
1597,203
1598,167
1599,203
1600,167
1601,203
1602,167
1603,203
1604,167
1605,203
1606,167
1607,203
1608,167
1609,203
1610,167
1611,203
1612,167
1613,203
1614,167
1615,203
1616,167
1617,203
1618,167
1619,203
1620,167
1621,203
1622,167
1623,203
1624,167
1625,203
1626,167
1627,203
1628,167
1629,203
1630,167
1631,203
1632,167
1633,203
1634,167
1635,203
1636,167
1637,203
1638,167
1639,203
1640,167
1641,203
1642,167
1643,203
1644,167
1645,203
1646,167
1647,203
1648,167
1649,203
1650,167
1651,203
1652,167
1653,203
1654,167
1655,20
1656,168
1657,20
1658,168
1659,114
1660,170
1661,114
1662,170
1663,133
1664,172
1665,133
1666,172
1667,44
1668,174
1669,44
1670,174
1671,60
1672,175
1673,60
1674,175
1675,166
1676,175
1677,166
1678,175
1679,106
1680,175
1681,106
1682,175
1683,128
1684,174
1685,128
1686,174
1687,31
1688,173
1689,31
1690,173
1691,79
1692,171
1693,79
1694,171
1695,67
1696,169
1697,67
1698,169
1699,204
1700,167
1701,204
1702,167
1703,204
1704,167
1705,204
1706,167
1707,204
1708,167
1709,204
1710,167
1711,204
1712,167
1713,204
1714,167
1715,204
1716,167
1717,204
1718,167
1719,204
1720,167
1721,204
1722,167
1723,204
1724,167
1725,204
1726,167
1727,204
1728,167
1729,204
1730,167
1731,204
1732,167
1733,204
1734,167
1735,204
1736,167
1737,204
1738,167
1739,204
1740,167
1741,204
1742,167
1743,204
1744,167
1745,204
1746,167
1747,204
1748,167
1749,204
1750,167
1751,204
1752,167
1753,204
1754,167
1755,204
1756,167
1757,204
1758,167
1759,204
1760,167
1761,204
1762,167
1763,204
1764,167
1765,204
1766,167
1767,204
1768,167
1769,204
1770,167
1771,204
1772,167
1773,204
1774,167
1775,204
1776,167
1777,204
1778,167
1779,204
1780,167
1781,204
1782,167
1783,204
1784,167
1785,204
1786,167
1787,204
1788,167
1789,204
1790,167
1791,14
1792,168
1793,14
1794,168
1795,193
1796,168
1797,193
1798,168
1799,209
1800,168
1801,209
1802,168
1803,71
1804,168
1805,71
1806,168
1807,204
1808,167
1809,204
1810,167
1811,204
1812,167
1813,204
1814,167
1815,204
1816,167
1817,204
1818,167
1819,204
1820,167
1821,204
1822,167
1823,205
1824,167
1825,205
1826,167
1827,205
1828,167
1829,205
1830,167
1831,205
1832,167
1833,205
1834,167
1835,205
1836,167
1837,205
1838,167
1839,205
1840,167
1841,205
1842,167
1843,205
1844,167
1845,205
1846,167
1847,205
1848,167
1849,205
1850,167
1851,205
1852,167
1853,205
1854,167
1855,205
1856,167
1857,205
1858,167
1859,205
1860,167
1861,205
1862,167
1863,205
1864,167
1865,205
1866,167
1867,205
1868,167
1869,205
1870,167
1871,205
1872,167
1873,205
1874,167
1875,205
1876,167
1877,205
1878,167
1879,205
1880,167
1881,205
1882,167
1883,205
1884,167
1885,205
1886,167
1887,205
1888,167
1889,205
1890,167
1891,205
1892,167
1893,205
1894,167
1895,205
1896,167
1897,205
1898,167
1899,205
1900,167
1901,205
1902,167
1903,205
1904,167
1905,205
1906,167
1907,205
1908,167
1909,205
1910,167
1911,205
1912,167
1913,205
1914,167
1915,205
1916,167
1917,205
1918,167
1919,205
1920,167
1921,205
1922,167
1923,205
1924,167
1925,205
1926,167
1927,205
1928,167
1929,205
1930,167
1931,205
1932,167
1933,205
1934,167
1935,205
1936,167
1937,205
1938,167
1939,205
1940,167
1941,205
1942,167
1943,205
1944,167
1945,205
1946,167
1947,206
1948,167
1949,206
1950,167
1951,206
1952,167
1953,206
1954,167
1955,206
1956,167
1957,206
1958,167
1959,206
1960,167
1961,206
1962,167
1963,206
1964,167
1965,206
1966,167
1967,206
1968,167
1969,206
1970,167
1971,206
1972,167
1973,206
1974,167
1975,206
1976,167
1977,206
1978,167
1979,206
1980,167
1981,206
1982,167
1983,206
1984,167
1985,206
1986,167
1987,206
1988,167
1989,206
1990,167
1991,206
1992,167
1993,206
1994,167
1995,206
1996,167
1997,206
1998,167
1999,206
2000,167
2001,206
2002,167
2003,206
2004,167
2005,206
2006,167
2007,206
2008,167
2009,206
2010,167
2011,206
2012,167
2013,206
2014,167
2015,206
2016,167
2017,206
2018,167
2019,206
2020,167
2021,206
2022,167
2023,206
2024,167
2025,206
2026,167
2027,206
2028,167
2029,206
2030,167
2031,206
2032,167
2033,206
2034,167
2035,206
2036,167
2037,206
2038,167
2039,206
2040,167
2041,206
2042,167
2043,206
2044,167
2045,206
2046,167
2047,206
2048,167
2049,206
2050,167
2051,206
2052,167
2053,206
2054,167
2055,206
2056,167
2057,206
2058,167
2059,206
2060,167
2061,206
2062,167
2063,206
2064,167
2065,206
2066,167
2067,206
2068,167
2069,206
2070,167
2071,207
2072,167
2073,207
2074,167
2075,207
2076,167
2077,207
2078,167
2079,207
2080,167
2081,207
2082,167
2083,207
2084,167
2085,207
2086,167
2087,207
2088,167
2089,207
2090,167
2091,207
2092,167
2093,207
2094,167
2095,207
2096,167
2097,207
2098,167
2099,207
2100,167
2101,207
2102,167
2103,207
2104,167
2105,207
2106,167
2107,207
2108,167
2109,207
2110,167
2111,207
2112,167
2113,207
2114,167
2115,207
2116,167
2117,207
2118,167
2119,207
2120,167
2121,207
2122,167
2123,207
2124,167
2125,207
2126,167
2127,207
2128,167
2129,207
2130,167
2131,207
2132,167
2133,207
2134,167
2135,207
2136,167
2137,207
2138,167
2139,207
2140,167
2141,207
2142,167
2143,207
2144,167
2145,207
2146,167
2147,207
2148,167
2149,207
2150,167
2151,207
2152,167
2153,207
2154,167
2155,207
2156,167
2157,207
2158,167
2159,207
2160,167
2161,207
2162,167
2163,250
2164,167
2165,250
2166,167
2167,77
2168,170
2169,77
2170,170
2171,28
2172,172
2173,28
2174,172
2175,81
2176,173
2177,81
2178,173
2179,225
2180,173
2181,225
2182,173
2183,188
2184,173
2185,188
2186,173
2187,8
2188,173
2189,8
2190,173
2191,215
2192,171
2193,215
2194,171
2195,68
2196,170
2197,68
2198,170
2199,120
2200,168
2201,120
2202,168
2203,208
2204,167
2205,208
2206,167
2207,208
2208,167
2209,208
2210,167
2211,208
2212,167
2213,208
2214,167
2215,208
2216,167
2217,208
2218,167
2219,208
2220,167
2221,208
2222,167
2223,208
2224,167
2225,208
2226,167
2227,208
2228,167
2229,208
2230,167
2231,208
2232,167
2233,208
2234,167
2235,208
2236,167
2237,208
2238,167
2239,208
2240,167
2241,208
2242,167
2243,208
2244,167
2245,208
2246,167
2247,208
2248,167
2249,208
2250,167
2251,208
2252,167
2253,208
2254,167
2255,208
2256,167
2257,208
2258,167
2259,208
2260,167
2261,208
2262,167
2263,208
2264,167
2265,208
2266,167
2267,208
2268,167
2269,208
2270,167
2271,190
2272,170
2273,190
2274,170
2275,156
2276,174
2277,156
2278,174
2279,86
2280,178
2281,86
2282,178
2283,233
2284,181
2285,233
2286,181
2287,241
2288,184
2289,241
2290,184
2291,21
2292,187
2293,21
2294,187
2295,33
2296,188
2297,33
2298,188
2299,18
2300,188
2301,18
2302,188
2303,10
2304,187
2305,10
2306,187
2307,61
2308,185
2309,61
2310,185
2311,225
2312,182
2313,225
2314,182
2315,66
2316,180
2317,66
2318,180
2319,42
2320,179
2321,42
2322,179
2323,237
2324,180
2325,237
2326,180
2327,160
2328,176
2329,160
2330,176
2331,108
2332,174
2333,108
2334,174
2335,23
2336,176
2337,23
2338,176
2339,31
2340,174
2341,31
2342,174
2343,122
2344,171
2345,122
2346,171
2347,200
2348,169
2349,200
2350,169
2351,6
2352,168
2353,6
2354,168
2355,209
2356,167
2357,209
2358,167
2359,209
2360,167
2361,209
2362,167
2363,209
2364,167
2365,209
2366,167
2367,209
2368,167
2369,209
2370,167
2371,209
2372,167
2373,209
2374,167
2375,209
2376,167
2377,209
2378,167
2379,209
2380,167
2381,209
2382,167
2383,194
2384,168
2385,194
2386,168
2387,126
2388,171
2389,126
2390,171
2391,245
2392,174
2393,245
2394,174
2395,50
2396,179
2397,50
2398,179
2399,98
2400,184
2401,98
2402,184
2403,133
2404,190
2405,133
2406,190
2407,125
2408,197
2409,125
2410,197
2411,23
2412,206
2413,23
2414,206
2415,18
2416,217
2417,18
2418,217
2419,173
2420,238
2421,173
2422,238
2423,49
2424,32
2425,49
2426,32
2427,16
2428,37
2429,16
2430,37
2431,95
2432,37
2433,95
2434,37
2435,253
2436,33
2437,253
2438,33
2439,200
2440,22
2441,200
2442,22
2443,93
2444,225
2445,93
2446,225
2447,89
2448,214
2449,89
2450,214
2451,171
2452,206
2453,171
2454,206
2455,184
2456,200
2457,184
2458,200
2459,182
2460,195
2461,182
2462,195
2463,137
2464,191
2465,137
2466,191
2467,50
2468,188
2469,50
2470,188
2471,96
2472,185
2473,96
2474,185
2475,74
2476,183
2477,74
2478,183
2479,201
2480,181
2481,201
2482,181
2483,21
2484,181
2485,21
2486,181
2487,24
2488,181
2489,24
2490,181
2491,26
2492,182
2493,26
2494,182
2495,27
2496,184
2497,27
2498,184
2499,74
2500,187
2501,74
2502,187
2503,83
2504,192
2505,83
2506,192
2507,195
2508,199
2509,195
2510,199
2511,229
2512,210
2513,229
2514,210
2515,133
2516,21
2517,133
2518,21
2519,235
2520,47
2521,235
2522,47
2523,49
2524,58
2525,49
2526,58
2527,122
2528,64
2529,122
2530,64
2531,250
2532,68
2533,250
2534,68
2535,26
2536,72
2537,26
2538,72
2539,35
2540,74
2541,35
2542,74
2543,68
2544,75
2545,68
2546,75
2547,156
2548,75
2549,156
2550,75
2551,72
2552,75
2553,72
2554,75
2555,98
2556,74
2557,98
2558,74
2559,213
2560,72
2561,213
2562,72
2563,193
2564,70
2565,193
2566,70
2567,57
2568,68
2569,57
2570,68
2571,26
2572,65
2573,26
2574,65
2575,99
2576,61
2577,99
2578,61
2579,252
2580,56
2581,252
2582,56
2583,196
2584,51
2585,196
2586,51
2587,119
2588,45
2589,119
2590,45
2591,66
2592,37
2593,66
2594,37
2595,126
2596,23
2597,126
2598,23
2599,217
2600,227
2601,217
2602,227
2603,33
2604,221
2605,33
2606,221
2607,22
2608,219
2609,22
2610,219
2611,118
2612,220
2613,118
2614,220
2615,22
2616,227
2617,22
2618,227
2619,78
2620,25
2621,78
2622,25
2623,213
2624,40
2625,213
2626,40
2627,203
2628,50
2629,203
2630,50
2631,202
2632,58
2633,202
2634,58
2635,143
2636,65
2637,143
2638,65
2639,103
2640,71
2641,103
2642,71
2643,107
2644,76
2645,107
2646,76
2647,160
2648,80
2649,160
2650,80
2651,22
2652,84
2653,22
2654,84
2655,219
2656,86
2657,219
2658,86
2659,46
2660,88
2661,46
2662,88
2663,46
2664,88
2665,46
2666,88
2667,46
2668,88
2669,46
2670,88
2671,46
2672,88
2673,46
2674,88
2675,46
2676,88
2677,46
2678,88
2679,46
2680,88
2681,46
2682,88
2683,46
2684,88
2685,46
2686,88
2687,46
2688,88
2689,46
2690,88
2691,102
2692,87
2693,102
2694,87
2695,154
2696,85
2697,154
2698,85
2699,150
2700,83
2701,150
2702,83
2703,95
2704,81
2705,95
2706,81
2707,5
2708,79
2709,5
2710,79
2711,157
2712,76
2713,157
2714,76
2715,56
2716,74
2717,56
2718,74
2719,238
2720,71
2721,238
2722,71
2723,236
2724,69
2725,236
2726,69
2727,96
2728,68
2729,96
2730,68
2731,127
2732,67
2733,127
2734,67
2735,116
2736,67
2737,116
2738,67
2739,87
2740,68
2741,87
2742,68
2743,41
2744,70
2745,41
2746,70
2747,195
2748,72
2749,195
2750,72
2751,238
2752,75
2753,238
2754,75
2755,116
2756,79
2757,116
2758,79
2759,18
2760,83
2761,18
2762,83
2763,154
2764,86
2765,154
2766,86
2767,45
2768,88
2769,45
2770,88
2771,45
2772,88
2773,45
2774,88
2775,45
2776,88
2777,45
2778,88
2779,45
2780,88
2781,45
2782,88
2783,45
2784,88
2785,45
2786,88
2787,45
2788,88
2789,45
2790,88
2791,45
2792,88
2793,45
2794,88
2795,45
2796,88
2797,45
2798,88
2799,45
2800,88
2801,45
2802,88
2803,45
2804,88
2805,45
2806,88
2807,45
2808,88
2809,45
2810,88
2811,45
2812,88
2813,45
2814,88
2815,45
2816,88
2817,45
2818,88
2819,44
2820,88
2821,44
2822,88
2823,44
2824,88
2825,44
2826,88
2827,44
2828,88
2829,44
2830,88
2831,44
2832,88
2833,44
2834,88
2835,44
2836,88
2837,44
2838,88
2839,254
2840,87
2841,254
2842,87
2843,51
2844,86
2845,51
2846,86
2847,141
2848,84
2849,141
2850,84
2851,39
2852,83
2853,39
2854,83
2855,36
2856,82
2857,36
2858,82
2859,155
2860,81
2861,155
2862,81
2863,163
2864,81
2865,163
2866,81
2867,78
2868,82
2869,78
2870,82
2871,151
2872,83
2873,151
2874,83
2875,113
2876,85
2877,113
2878,85
2879,191
2880,87
2881,191
2882,87
2883,44
2884,88
2885,44
2886,88
2887,44
2888,88
2889,44
2890,88
2891,44
2892,88
2893,44
2894,88
2895,44
2896,88
2897,44
2898,88
2899,44
2900,88
2901,44
2902,88
2903,44
2904,88
2905,44
2906,88
2907,44
2908,88
2909,44
2910,88
2911,44
2912,88
2913,44
2914,88
2915,44
2916,88
2917,44
2918,88
2919,44
2920,88
2921,44
2922,88
2923,44
2924,88
2925,44
2926,88
2927,44
2928,88
2929,44
2930,88
2931,44
2932,88
2933,44
2934,88
2935,44
2936,88
2937,44
2938,88
2939,44
2940,88
2941,44
2942,88
2943,43
2944,88
2945,43
2946,88
2947,43
2948,88
2949,43
2950,88
2951,43
2952,88
2953,43
2954,88
2955,43
2956,88
2957,43
2958,88
2959,43
2960,88
2961,43
2962,88
2963,43
2964,88
2965,43
2966,88
2967,43
2968,88
2969,43
2970,88
2971,43
2972,88
2973,43
2974,88
2975,43
2976,88
2977,43
2978,88
2979,43
2980,88
2981,43
2982,88
2983,174
2984,87
2985,174
2986,87
2987,130
2988,87
2989,130
2990,87
2991,231
2992,87
2993,231
2994,87
2995,43
2996,88
2997,43
2998,88
2999,43
3000,88
3001,43
3002,88
3003,43
3004,88
3005,43
3006,88
3007,43
3008,88
3009,43
3010,88
3011,43
3012,88
3013,43
3014,88
3015,43
3016,88
3017,43
3018,88
3019,43
3020,88
3021,43
3022,88
3023,43
3024,88
3025,43
3026,88
3027,43
3028,88
3029,43
3030,88
3031,43
3032,88
3033,43
3034,88
3035,43
3036,88
3037,43
3038,88
3039,43
3040,88
3041,43
3042,88
3043,43
3044,88
3045,43
3046,88
3047,43
3048,88
3049,43
3050,88
3051,43
3052,88
3053,43
3054,88
3055,43
3056,88
3057,43
3058,88
3059,43
3060,88
3061,43
3062,88
3063,43
3064,88
3065,43
3066,88
3067,42
3068,88
3069,42
3070,88
3071,42
3072,88
3073,42
3074,88
3075,42
3076,88
3077,42
3078,88
3079,42
3080,88
3081,42
3082,88
3083,42
3084,88
3085,42
3086,88
3087,42
3088,88
3089,42
3090,88
3091,42
3092,88
3093,42
3094,88
3095,42
3096,88
3097,42
3098,88
3099,42
3100,88
3101,42
3102,88
3103,42
3104,88
3105,42
3106,88
3107,42
3108,88
3109,42
3110,88
3111,42
3112,88
3113,42
3114,88
3115,42
3116,88
3117,42
3118,88
3119,42
3120,88
3121,42
3122,88
3123,42
3124,88
3125,42
3126,88
3127,42
3128,88
3129,42
3130,88
3131,42
3132,88
3133,42
3134,88
3135,42
3136,88
3137,42
3138,88
3139,42
3140,88
3141,42
3142,88
3143,42
3144,88
3145,42
3146,88
3147,42
3148,88
3149,42
3150,88
3151,42
3152,88
3153,42
3154,88
3155,42
3156,88
3157,42
3158,88
3159,42
3160,88
3161,42
3162,88
3163,42
3164,88
3165,42
3166,88
3167,42
3168,88
3169,42
3170,88
3171,42
3172,88
3173,42
3174,88
3175,42
3176,88
3177,42
3178,88
3179,42
3180,88
3181,42
3182,88
3183,42
3184,88
3185,42
3186,88
3187,42
3188,88
3189,42
3190,88
3191,41
3192,88
3193,41
3194,88
3195,41
3196,88
3197,41
3198,88
3199,41
3200,88
3201,41
3202,88
3203,41
3204,88
3205,41
3206,88
3207,41
3208,88
3209,41
3210,88
3211,41
3212,88
3213,41
3214,88
3215,41
3216,88
3217,41
3218,88
3219,41
3220,88
3221,41
3222,88
3223,41
3224,88
3225,41
3226,88
3227,156
3228,87
3229,156
3230,87
3231,73
3232,86
3233,73
3234,86
3235,108
3236,85
3237,108
3238,85
3239,27
3240,85
3241,27
3242,85
3243,104
3244,85
3245,104
3246,85
3247,227
3248,85
3249,227
3250,85
3251,44
3252,86
3253,44
3254,86
3255,41
3256,88
3257,41
3258,88
3259,41
3260,88
3261,41
3262,88
3263,41
3264,88
3265,41
3266,88
3267,41
3268,88
3269,41
3270,88
3271,41
3272,88
3273,41
3274,88
3275,41
3276,88
3277,41
3278,88
3279,41
3280,88
3281,41
3282,88
3283,41
3284,88
3285,41
3286,88
3287,41
3288,88
3289,41
3290,88
3291,41
3292,88
3293,41
3294,88
3295,41
3296,88
3297,41
3298,88
3299,41
3300,88
3301,41
3302,88
3303,41
3304,88
3305,41
3306,88
3307,41
3308,88
3309,41
3310,88
3311,41
3312,88
3313,41
3314,88
3315,41
3316,88
3317,41
3318,88
3319,40
3320,88
3321,40
3322,88
3323,40
3324,88
3325,40
3326,88
3327,40
3328,88
3329,40
3330,88
3331,40
3332,88
3333,40
3334,88
3335,40
3336,88
3337,40
3338,88
3339,40
3340,88
3341,40
3342,88
3343,243
3344,87
3345,243
3346,87
3347,143
3348,85
3349,143
3350,85
3351,63
3352,83
3353,63
3354,83
3355,42
3356,81
3357,42
3358,81
3359,101
3360,79
3361,101
3362,79
3363,30
3364,78
3365,30
3366,78
3367,119
3368,77
3369,119
3370,77
3371,139
3372,77
3373,139
3374,77
3375,102
3376,78
3377,102
3378,78
3379,244
3380,79
3381,244
3382,79
3383,21
3384,82
3385,21
3386,82
3387,160
3388,84
3389,160
3390,84
3391,83
3392,87
3393,83
3394,87
3395,40
3396,88
3397,40
3398,88
3399,40
3400,88
3401,40
3402,88
3403,40
3404,88
3405,40
3406,88
3407,40
3408,88
3409,40
3410,88
3411,40
3412,88
3413,40
3414,88
3415,40
3416,88
3417,40
3418,88
3419,40
3420,88
3421,40
3422,88
3423,40
3424,88
3425,40
3426,88
3427,40
3428,88
3429,40
3430,88
3431,40
3432,88
3433,40
3434,88
3435,40
3436,88
3437,40
3438,88
3439,40
3440,88
3441,40
3442,88
3443,39
3444,88
3445,39
3446,88
3447,39
3448,88
3449,39
3450,88
3451,39
3452,88
3453,39
3454,88
3455,37
3456,86
3457,37
3458,86
3459,52
3460,83
3461,52
3462,83
3463,1
3464,80
3465,1
3466,80
3467,193
3468,76
3469,193
3470,76
3471,110
3472,73
3473,110
3474,73
3475,45
3476,70
3477,45
3478,70
3479,223
3480,67
3481,223
3482,67
3483,24
3484,66
3485,24
3486,66
3487,84
3488,63
3489,84
3490,63
3491,61
3492,62
3493,61
3494,62
3495,146
3496,63
3497,146
3498,63
3499,5
3500,63
3501,5
3502,63
3503,166
3504,64
3505,166
3506,64
3507,227
3508,66
3509,227
3510,66
3511,2
3512,70
3513,2
3514,70
3515,107
3516,73
3517,107
3518,73
3519,246
3520,76
3521,246
3522,76
3523,124
3524,80
3525,124
3526,80
3527,151
3528,83
3529,151
3530,83
3531,72
3532,86
3533,72
3534,86
3535,39
3536,88
3537,39
3538,88
3539,39
3540,88
3541,39
3542,88
3543,39
3544,88
3545,39
3546,88
3547,39
3548,88
3549,39
3550,88
3551,39
3552,88
3553,39
3554,88
3555,39
3556,88
3557,39
3558,88
3559,39
3560,88
3561,39
3562,88
3563,39
3564,88
3565,39
3566,88
3567,158
3568,86
3569,158
3570,86
3571,61
3572,84
3573,61
3574,84
3575,112
3576,81
3577,112
3578,81
3579,55
3580,78
3581,55
3582,78
3583,126
3584,74
3585,126
3586,74
3587,81
3588,70
3589,81
3590,70
3591,145
3592,65
3593,145
3594,65
3595,38
3596,60
3597,38
3598,60
3599,236
3600,53
3601,236
3602,53
3603,151
3604,46
3605,151
3606,46
3607,107
3608,37
3609,107
3610,37
3611,170
3612,22
3613,170
3614,22
3615,23
3616,230
3617,23
3618,230
3619,115
3620,225
3621,115
3622,225
3623,210
3624,227
3625,210
3626,227
3627,113
3628,16
3629,113
3630,16
3631,171
3632,35
3633,171
3634,35
3635,58
3636,46
3637,58
3638,46
3639,101
3640,54
3641,101
3642,54
3643,241
3644,60
3645,241
3646,60
3647,154
3648,66
3649,154
3650,66
3651,38
3652,71
3653,38
3654,71
3655,170
3656,74
3657,170
3658,74
3659,90
3660,77
3661,90
3662,77
3663,38
3664,79
3665,38
3666,79
3667,28
3668,80
3669,28
3670,80
3671,71
3672,80
3673,71
3674,80
3675,176
3676,79
3677,176
3678,79
3679,93
3680,78
3681,93
3682,78
3683,83
3684,76
3685,83
3686,76
3687,139
3688,73
3689,139
3690,73
3691,245
3692,69
3693,245
3694,69
3695,112
3696,65
3697,112
3698,65
3699,155
3700,59
3701,155
3702,59
3703,3
3704,52
3705,3
3706,52
3707,89
3708,40
3709,89
3710,40
3711,76
3712,25
3713,76
3714,25
3715,92
3716,230
3717,92
3718,230
3719,2
3720,209
3721,2
3722,209
3723,92
3724,202
3725,92
3726,202
3727,97
3728,203
3729,97
3730,203
3731,186
3732,195
3733,186
3734,195
3735,164
3736,192
3737,164
3738,192
3739,230
3740,189
3741,230
3742,189
3743,124
3744,188
3745,124
3746,188
3747,242
3748,187
3749,242
3750,187
3751,119
3752,188
3753,119
3754,188
3755,35
3756,190
3757,35
3758,190
3759,6
3760,193
3761,6
3762,193
3763,126
3764,197
3765,126
3766,197
3767,28
3768,204
3769,28
3770,204
3771,85
3772,214
3773,85
3774,214
3775,83
3776,19
3777,83
3778,19
3779,28
3780,43
3781,28
3782,43
3783,231
3784,51
3785,231
3786,51
3787,110
3788,57
3789,110
3790,57
3791,197
3792,60
3793,197
3794,60
3795,136
3796,62
3797,136
3798,62
3799,245
3800,62
3801,245
3802,62
3803,31
3804,62
3805,31
3806,62
3807,12
3808,60
3809,12
3810,60
3811,142
3812,56
3813,142
3814,56
3815,47
3816,51
3817,47
3818,51
3819,106
3820,42
3821,106
3822,42
3823,117
3824,20
3825,117
3826,20
3827,47
3828,215
3829,47
3830,215
3831,16
3832,204
3833,16
3834,204
3835,117
3836,196
3837,117
3838,196
3839,155
3840,190
3841,155
3842,190
3843,224
3844,185
3845,224
3846,185
3847,246
3848,181
3849,246
3850,181
3851,216
3852,178
3853,216
3854,178
3855,69
3856,176
3857,69
3858,176
3859,112
3860,174
3861,112
3862,174
3863,54
3864,173
3865,54
3866,173
3867,159
3868,172
3869,159
3870,172
3871,185
3872,172
3873,185
3874,172
3875,149
3876,173
3877,149
3878,173
3879,51
3880,175
3881,51
3882,175
3883,134
3884,177
3885,134
3886,177
3887,195
3888,180
3889,195
3890,180
3891,198
3892,184
3893,198
3894,184
3895,134
3896,189
3897,134
3898,189
3899,17
3900,195
3901,17
3902,195
3903,35
3904,201
3905,35
3906,201
3907,154
3908,207
3909,154
3910,207
3911,196
3912,213
3913,196
3914,213
3915,82
3916,218
3917,82
3918,218
3919,86
3920,219
3921,86
3922,219
3923,84
3924,216
3925,84
3926,216
3927,15
3928,211
3929,15
3930,211
3931,36
3932,205
3933,36
3934,205
3935,74
3936,199
3937,74
3938,199
3939,205
3940,193
3941,205
3942,193
3943,67
3944,191
3945,67
3946,191
3947,52
3948,190
3949,52
3950,190
3951,154
3952,184
3953,154
3954,184
3955,148
3956,181
3957,148
3958,181
3959,220
3960,181
3961,220
3962,181
3963,16
3964,177
3965,16
3966,177
3967,45
3968,174
3969,45
3970,174
3971,39
3972,171
3973,39
3974,171
3975,184
3976,168
3977,184
3978,168
3979,222
3980,167
3981,222
3982,167
3983,222
3984,167
3985,222
3986,167
3987,222
3988,167
3989,222
3990,167
3991,222
3992,167
3993,222
3994,167
3995,222
3996,167
3997,222
3998,167
3999,222
4000,167
4001,222
4002,167
4003,222
4004,167
4005,222
4006,167
4007,222
4008,167
4009,222
4010,167
4011,222
4012,167
4013,222
4014,167
4015,222
4016,167
4017,222
4018,167
4019,94
4020,170
4021,94
4022,170
4023,114
4024,173
4025,114
4026,173
4027,185
4028,176
4029,185
4030,176
4031,255
4032,179
4033,255
4034,179
4035,40
4036,183
4037,40
4038,183
4039,200
4040,185
4041,200
4042,185
4043,170
4044,187
4045,170
4046,187
4047,137
4048,188
4049,137
4050,188
4051,87
4052,188
4053,87
4054,188
4055,37
4056,187
4057,37
4058,187
4059,41
4060,185
4061,41
4062,185
4063,161
4064,182
4065,161
4066,182
4067,188
4068,179
4069,188
4070,179
4071,189
4072,176
4073,189
4074,176
4075,184
4076,173
4077,184
4078,173
4079,187
4080,170
4081,187
4082,170
4083,243
4084,167
4085,243
4086,167
4087,223
4088,167
4089,223
4090,167
4091,223
4092,167
4093,223
4094,167
4095,223
4096,167
